NAME : ES-n78-m2-Q10138         
COMMENT : 
TYPE : MDOVRP          
NODES : 76
DEPOTS : 2          
CAPACITY : 10138
MAX_TRAVEL_DIST : 180
EDGE_WEIGHT_TYPE : DIST
NODE_COORD_SECTION  
0	201.137	244.629	129.455	116.077	184.553	154.364	205.159	145.918	128.954	109.794	212.326	266.394	184.338	33.224	119.657	136.576	83.210	113.766	307.818	45.905	128.841	99.562	159.670	269.732	116.138	164.542	152.694	161.898	71.105	132.014	126.626	121.664	105.111	56.843	150.481	46.488	93.950	246.211	128.063	141.692	35.026	196.891	218.424	153.865	93.449	140.385	161.977	327.522	345.600	82.668	144.749	238.034	158.806	330.170	283.342	137.364	326.656	154.933	184.734	127.213	100.121	65.430	88.662	172.202	194.082	170.244	279.775	89.587	132.329	220.638	89.895	54.294	120.477	269.130	201.981	148.800	142.169
201.079	0	71.565	336.793	248.342	53.551	286.117	393.973	153.348	317.768	103.004	41.473	97.525	391.676	234.138	308.471	215.941	272.024	87.478	160.426	259.370	303.550	208.372	321.569	96.668	158.774	65.402	333.049	256.685	233.701	142.780	288.525	279.227	267.010	143.930	314.851	154.669	255.849	114.613	316.877	134.345	173.251	129.020	55.207	307.318	214.586	77.523	350.791	158.653	132.730	283.581	333.563	69.165	49.864	150.114	114.473	280.919	128.463	343.747	85.594	316.027	177.006	160.436	148.380	29.146	43.868	377.582	135.185	115.856	185.823	120.168	278.709	243.108	226.277	61.040	70.984	215.321	213.691
244.543	71.582	0	371.476	319.284	78.156	357.059	464.915	224.290	388.710	146.277	33.079	123.272	426.094	277.601	379.413	286.883	342.966	158.420	189.732	290.334	346.823	279.314	364.841	50.887	229.716	136.344	376.322	327.627	276.974	213.722	331.798	350.169	310.283	187.394	385.793	198.132	299.122	151.040	387.819	205.287	216.524	199.962	67.198	378.260	285.528	148.465	421.733	137.688	119.577	324.802	404.505	98.360	95.411	175.861	140.220	351.861	115.310	414.689	156.536	386.969	247.948	231.378	219.322	100.088	114.810	411.999	164.490	186.798	256.765	194.452	349.651	314.050	297.219	66.810	141.926	286.263	284.633
129.455	336.805	371.884	0	115.706	296.524	133.121	68.338	262.735	63.512	227.231	339.580	402.062	54.990	96.360	62.638	180.875	65.440	249.821	424.635	86.275	41.997	143.862	53.654	396.986	232.955	300.210	23.650	157.067	95.776	248.830	44.774	107.544	79.059	186.041	111.917	175.686	73.046	380.807	20.941	258.509	164.224	313.708	330.395	116.101	137.748	276.053	59.473	463.190	481.268	46.983	42.246	373.702	286.060	446.986	419.010	118.640	462.324	97.948	320.402	88.883	211.548	176.857	205.479	307.870	329.750	40.895	396.592	221.768	219.292	337.455	74.527	105.879	164.777	404.798	337.649	199.828	186.469
115.942	248.056	318.981	115.236	0	255.777	38.328	145.494	156.324	86.683	202.079	288.889	313.313	160.505	122.362	70.871	78.325	84.870	161.072	318.224	97.836	156.822	39.929	168.480	344.084	126.544	211.461	138.476	43.183	136.149	142.419	159.600	30.926	170.155	149.128	66.550	138.773	158.995	274.396	95.320	152.098	150.858	207.297	289.648	59.016	33.767	187.304	117.124	374.441	392.519	137.079	102.047	284.953	220.490	340.575	330.261	32.618	373.575	95.268	250.003	49.620	88.021	106.418	100.801	219.121	241.001	156.025	290.181	133.019	108.900	231.044	41.109	81.574	60.844	316.049	248.900	85.945	83.919
184.432	53.594	78.042	296.171	255.681	0	293.456	364.138	160.687	325.106	86.166	57.154	150.950	350.789	217.490	315.810	223.279	279.363	94.817	213.851	230.223	271.519	215.710	289.537	114.599	166.113	98.164	301.018	264.024	201.669	150.119	256.494	286.565	234.978	127.283	322.190	138.021	223.818	156.295	324.215	141.683	156.412	161.782	34.458	314.656	221.925	110.285	358.130	201.401	183.289	249.498	340.902	122.590	35.300	203.539	167.898	288.257	179.022	351.085	118.356	323.365	184.344	167.775	155.719	70.829	85.551	336.695	188.609	123.194	193.161	163.557	286.048	250.446	233.615	104.116	112.666	222.659	221.030
153.968	286.626	357.551	132.832	38.067	294.347	0	141.624	157.903	82.813	240.105	327.459	332.765	156.635	160.387	68.276	75.068	102.466	201.614	319.802	135.862	174.418	77.955	186.075	382.654	128.122	249.527	156.071	28.699	174.175	143.998	177.195	27.056	208.181	187.154	39.934	176.799	164.313	275.974	112.916	153.676	188.883	208.875	328.218	39.140	71.792	224.322	113.254	404.585	422.663	138.181	104.354	328.414	259.060	342.154	360.405	12.741	427.130	91.399	251.581	45.750	112.144	144.444	141.110	257.692	279.571	169.244	291.759	173.561	105.643	232.622	58.704	119.599	66.692	359.836	280.139	80.507	80.662
205.342	393.888	464.814	68.500	145.638	363.992	141.548	0	283.469	79.111	294.700	434.722	459.146	15.070	164.447	88.549	200.635	120.476	306.904	445.369	157.613	88.277	184.878	88.045	489.916	253.689	357.294	64.217	165.494	163.244	269.565	107.678	116.145	141.964	262.075	111.866	251.720	140.728	401.541	80.723	279.243	240.258	334.442	397.863	114.514	178.765	333.137	41.358	520.273	538.351	115.071	58.442	430.786	366.323	467.721	476.094	126.359	519.408	77.993	377.486	96.602	237.710	233.940	262.562	364.954	386.833	27.678	417.326	278.851	231.210	358.189	115.544	160.916	192.258	461.882	394.733	208.255	206.229
144.963	154.326	225.252	261.643	156.333	162.048	157.394	283.204	0	224.392	123.622	195.160	185.655	298.214	178.021	215.330	87.218	196.874	75.475	172.693	184.220	280.268	119.676	314.886	250.354	30.051	124.698	284.882	127.962	222.533	13.386	278.054	168.635	256.539	109.544	204.260	99.189	245.378	128.865	241.726	18.757	132.022	61.766	195.919	196.726	122.577	92.023	254.834	257.476	275.554	223.463	258.413	181.304	126.761	195.044	213.296	170.327	280.021	232.978	104.472	187.329	62.609	85.286	56.985	125.392	147.271	302.431	144.650	87.495	57.100	85.513	185.567	167.957	97.554	212.727	133.030	86.598	84.968
129.152	317.698	388.623	63.864	86.709	325.419	82.619	78.677	224.541	0	238.836	358.532	382.955	93.688	119.311	21.145	141.707	46.333	230.714	386.441	83.470	105.450	118.398	117.107	413.726	194.761	281.104	87.104	106.565	133.099	210.636	108.227	57.216	125.201	185.885	52.938	175.530	108.180	342.612	43.948	220.315	164.067	275.513	359.290	55.585	112.284	256.946	39.364	444.083	462.161	82.047	22.136	354.595	290.132	408.792	399.903	67.431	443.218	34.495	301.295	37.673	166.490	157.750	186.372	288.764	310.643	106.296	358.397	202.661	172.281	299.261	49.063	86.772	133.330	385.691	318.542	149.327	147.300
109.826	103.065	146.303	226.937	202.023	86.226	240.310	294.903	122.528	238.666	0	114.000	180.157	281.555	142.884	229.369	172.194	192.922	48.512	243.058	155.617	202.284	153.291	220.303	171.406	127.954	95.638	231.783	219.020	132.435	111.960	187.259	231.376	165.744	52.677	260.192	63.415	154.583	178.589	233.099	103.525	70.483	119.027	120.098	263.576	159.505	72.371	271.689	241.285	240.096	180.263	254.461	151.797	60.480	232.746	197.105	234.600	235.829	264.645	115.830	236.925	130.623	96.449	106.226	85.965	107.844	267.460	218.503	76.889	155.003	143.313	199.607	164.006	177.599	160.923	134.960	184.501	182.871
212.279	41.390	33.205	339.212	289.092	57.366	326.867	434.722	194.098	358.517	114.014	0	104.286	393.830	245.338	349.221	256.690	312.774	128.228	170.746	258.070	314.560	249.121	332.578	58.308	199.524	106.151	344.059	297.435	244.710	183.530	299.535	319.976	278.019	155.130	355.601	165.868	266.859	132.055	357.626	175.094	184.260	169.769	47.997	348.067	255.336	118.273	391.541	145.109	126.998	292.539	374.313	79.375	63.147	156.875	121.234	321.668	122.731	384.496	126.343	356.776	217.755	201.186	189.130	69.896	84.618	379.736	145.505	156.605	226.572	160.917	319.459	283.857	267.026	47.825	111.733	256.070	254.441
266.514	97.558	123.126	402.227	313.777	150.940	332.490	459.407	184.782	383.202	180.415	104.230	0	457.110	299.572	373.905	262.313	337.458	152.913	74.849	324.804	382.174	273.806	400.192	87.797	205.147	122.623	411.673	303.058	312.325	189.153	367.149	343.731	345.634	209.365	379.355	220.103	334.473	57.383	382.311	180.717	245.108	124.919	151.232	371.822	280.020	142.957	416.225	62.921	80.999	349.016	398.998	29.056	140.712	54.382	18.741	345.423	85.466	409.181	123.892	381.461	242.440	225.871	213.814	94.580	72.919	443.016	59.933	181.290	232.195	100.795	344.143	308.542	272.649	56.606	85.143	261.694	260.064
184.482	391.831	426.291	55.439	160.663	350.931	156.573	15.084	298.494	94.136	281.639	393.988	457.089	0	151.386	103.574	215.660	120.466	304.847	460.394	141.301	75.216	199.903	74.984	451.394	268.714	355.237	51.156	180.519	150.183	284.590	94.617	131.170	128.903	241.068	126.891	230.713	127.667	416.566	75.967	294.268	219.251	349.467	384.802	129.539	193.790	331.080	52.170	518.217	536.294	102.010	69.254	428.729	340.467	482.746	474.037	141.384	515.817	93.018	375.429	111.627	252.735	231.883	260.505	362.897	384.776	14.617	432.351	276.795	246.235	373.214	130.569	160.906	207.283	459.825	392.676	223.280	221.254
33.171	234.051	277.543	96.306	122.353	217.466	160.640	164.537	178.832	119.019	142.707	245.240	299.308	151.189	0	111.392	142.851	73.275	146.680	340.732	35.880	95.691	105.838	126.521	302.646	149.052	197.456	119.545	168.174	37.956	164.927	93.477	127.940	71.962	89.757	156.756	79.401	60.801	279.125	102.468	174.606	67.939	229.805	251.338	160.140	99.724	173.299	141.001	360.436	378.514	49.519	123.773	270.948	191.720	363.083	316.256	143.640	359.570	153.455	217.648	133.488	133.035	98.343	121.576	205.116	226.995	137.095	312.689	122.500	165.243	253.552	96.171	41.674	126.753	302.044	234.895	155.076	148.445
119.708	308.254	379.179	60.506	71.088	315.975	68.430	88.614	215.639	20.442	229.392	349.087	373.511	103.625	109.136	0	127.517	36.158	221.270	377.539	73.295	102.092	99.244	113.749	404.282	185.859	271.659	83.746	92.376	122.924	201.735	104.869	43.027	115.026	176.441	45.742	166.085	98.005	333.711	40.590	211.413	154.623	266.612	349.846	48.389	93.130	247.502	60.244	434.639	452.717	71.872	34.142	345.151	280.688	399.891	390.459	53.241	433.773	38.388	291.851	23.484	147.336	148.306	176.928	279.319	301.199	101.295	349.496	193.217	158.092	290.359	29.910	76.597	120.159	376.247	309.098	135.138	133.111
136.265	220.211	291.137	180.182	77.568	227.933	74.535	200.344	91.488	141.533	173.832	261.045	266.350	215.355	142.685	126.996	0	128.315	132.704	253.388	118.159	214.208	40.163	233.425	316.239	61.708	183.112	203.421	50.033	156.472	77.583	211.994	85.776	190.478	120.881	121.400	110.526	179.318	209.560	160.265	87.262	143.359	142.461	261.804	113.867	43.063	157.908	171.974	338.171	356.248	157.402	163.074	261.999	192.646	275.739	293.991	87.468	360.716	150.119	185.166	104.470	43.234	78.171	72.201	191.277	213.156	227.963	225.345	104.652	34.780	166.208	106.054	101.897	16.165	293.422	213.725	13.029	6.398
82.819	271.365	342.291	65.238	85.252	279.086	102.667	120.426	197.295	46.213	192.503	312.199	336.623	120.121	72.978	38.586	128.115	0	184.381	359.195	37.137	106.824	91.101	118.481	367.393	167.515	234.771	88.477	126.613	86.766	183.391	90.998	77.090	78.869	139.552	87.864	129.197	61.847	315.367	45.322	193.069	117.735	248.268	312.958	92.049	84.988	210.614	79.236	397.750	415.828	35.715	62.008	308.263	243.800	381.547	353.571	92.790	396.885	80.649	254.963	64.831	146.109	111.417	140.039	242.431	264.310	106.027	331.152	156.328	166.532	272.015	44.074	40.440	112.016	339.359	272.210	140.339	133.708
114.068	87.135	158.060	249.557	161.106	94.856	201.518	306.736	74.365	230.531	48.592	127.968	152.392	304.440	147.127	221.235	131.341	184.788	0	200.167	172.134	242.743	121.135	273.572	183.163	79.791	50.540	272.796	177.016	185.007	63.797	240.529	191.990	219.013	56.919	227.615	67.657	207.853	132.209	229.641	55.361	92.663	73.038	128.727	220.081	127.350	26.383	263.555	213.520	231.598	196.570	246.327	124.032	59.569	204.981	169.340	193.683	212.654	256.511	70.732	228.790	89.769	73.200	61.144	58.200	80.079	290.345	172.123	28.619	106.839	97.325	191.473	155.871	141.677	155.128	87.979	136.338	134.725
306.348	160.738	189.872	423.028	317.718	214.120	318.779	444.589	171.071	385.777	243.595	170.976	74.742	459.599	339.406	376.715	248.603	358.259	200.125	0	345.605	441.653	281.061	476.271	172.724	191.436	149.216	446.267	289.347	383.918	175.442	439.439	330.020	417.924	257.640	365.645	260.574	406.763	67.602	403.111	167.007	293.407	111.208	217.978	358.111	283.962	184.364	416.219	115.971	134.049	384.848	419.798	91.930	203.892	47.274	71.791	331.712	138.517	394.363	128.933	348.714	223.994	246.671	218.370	157.760	136.098	463.816	29.354	230.385	218.485	87.084	346.952	329.342	258.939	123.353	111.736	247.983	246.353
46.454	259.224	290.974	86.389	97.989	230.897	136.276	157.530	185.154	83.316	156.138	258.670	324.481	141.272	36.141	75.689	118.487	37.573	172.240	347.054	0	87.411	81.474	118.973	316.076	155.374	222.629	109.629	143.809	49.929	171.249	90.673	103.576	83.935	103.187	124.968	92.832	72.774	303.226	82.425	180.928	81.370	236.127	264.768	129.153	75.360	198.472	116.339	385.609	403.687	39.421	99.112	296.121	205.150	369.405	341.429	119.276	384.743	117.752	242.821	101.934	133.967	99.276	127.898	230.289	252.169	127.178	319.011	144.187	156.904	259.874	71.807	17.309	102.389	327.217	260.068	130.712	124.081
128.919	303.584	346.822	41.808	157.214	271.462	174.629	88.356	281.138	105.020	202.170	314.519	381.942	75.008	95.824	104.146	214.471	106.948	242.428	443.038	87.624	0	177.458	31.868	371.925	251.358	297.423	24.276	198.575	70.714	267.234	15.148	149.052	49.434	185.506	153.425	175.150	48.198	380.374	62.449	276.912	163.688	332.111	305.333	157.609	171.344	274.157	100.981	443.070	440.615	51.859	83.754	353.582	260.999	434.531	398.890	160.148	436.348	139.456	317.615	130.391	229.952	195.260	223.882	287.750	309.630	60.914	414.995	218.249	252.888	355.858	116.035	113.294	198.373	361.442	336.745	226.696	220.065
99.416	208.127	279.052	143.333	39.971	215.848	78.258	184.469	119.789	117.923	153.235	248.961	273.384	199.479	105.836	98.967	40.407	91.466	121.143	281.689	81.310	177.359	0	196.576	304.155	90.009	171.533	166.572	65.729	119.623	105.884	175.145	70.855	153.629	100.284	106.479	89.929	142.469	237.861	123.416	115.563	134.332	170.762	249.719	98.946	6.214	147.375	147.371	334.512	352.590	120.553	130.144	245.024	180.562	304.040	290.332	72.547	333.647	134.243	213.467	89.549	48.092	57.574	60.872	179.193	201.072	184.121	253.645	93.090	78.824	194.509	69.205	65.048	24.309	276.120	208.971	52.631	46.000
159.464	321.475	364.713	53.369	168.775	289.353	186.190	87.880	315.804	116.582	220.061	332.410	399.834	74.531	126.369	115.707	233.944	118.509	272.973	477.704	119.034	31.716	196.931	0	389.816	286.024	315.315	31.063	210.136	88.605	301.899	39.118	160.613	58.959	216.050	164.986	205.695	72.168	398.265	74.010	311.578	194.233	366.777	323.225	169.170	190.817	292.048	112.543	460.961	458.506	83.269	95.315	371.473	278.890	452.423	416.781	171.709	454.239	151.017	335.507	141.952	264.618	229.926	258.548	305.642	327.521	60.437	449.661	248.794	272.361	390.524	127.596	143.839	217.846	379.333	354.636	252.898	239.538
269.707	96.746	50.887	396.640	344.448	114.615	382.223	490.079	249.454	413.874	171.441	58.243	88.069	451.258	302.765	404.577	312.047	368.130	183.584	172.430	315.498	371.987	304.478	390.005	0	254.880	161.508	401.486	352.791	302.138	238.886	356.962	375.333	335.447	212.558	410.957	223.296	324.286	133.739	412.983	230.451	241.688	201.275	105.245	403.424	310.692	173.629	446.897	86.871	68.759	349.966	429.669	81.059	120.575	150.672	102.395	377.025	64.493	439.853	175.894	412.133	273.112	256.542	244.486	125.252	124.921	437.163	147.188	211.962	281.929	177.150	374.815	339.214	322.383	65.395	137.145	311.427	309.797
115.922	159.020	229.946	232.601	126.808	166.742	127.869	253.678	30.297	194.867	128.316	199.854	205.159	268.689	148.980	185.804	57.693	167.832	80.169	192.197	155.178	251.227	90.151	285.845	255.048	0	121.921	255.841	98.437	193.492	16.392	249.013	139.110	227.498	80.503	174.734	70.148	216.337	148.369	212.685	26.071	102.981	81.270	200.613	167.201	93.052	96.717	225.308	276.980	295.057	194.421	229.372	200.808	131.455	214.548	232.800	140.802	299.525	203.453	123.976	157.804	33.084	56.245	27.943	130.086	151.965	273.390	164.154	60.394	27.574	105.017	156.042	138.916	68.029	232.231	152.534	57.073	55.443
164.736	65.283	136.208	300.449	211.998	97.838	249.029	357.629	123.596	281.424	95.766	106.116	122.759	355.332	197.794	272.127	178.853	235.680	51.134	149.853	223.026	297.524	172.028	315.542	161.311	121.686	0	323.689	219.597	227.675	105.692	282.499	242.883	260.984	107.587	278.507	118.325	249.823	81.895	280.533	97.257	143.330	63.845	131.710	270.974	178.242	35.374	314.447	183.887	201.965	247.237	297.219	94.399	62.552	172.204	139.707	244.575	183.021	307.403	20.418	279.683	140.662	124.092	112.036	36.348	58.227	341.238	121.810	79.512	148.735	65.619	242.365	206.764	189.189	125.495	37.665	178.233	176.604
152.947	333.383	376.621	23.792	139.198	301.261	156.613	64.235	286.227	87.005	231.969	344.318	411.741	50.887	119.852	86.130	204.367	88.932	273.313	448.127	109.767	24.345	167.354	31.119	401.724	256.447	323.702	0	180.559	100.513	272.322	44.947	131.036	79.233	209.534	135.409	199.178	77.997	404.299	44.433	282.001	187.716	337.200	335.132	139.593	161.240	299.545	82.966	472.869	470.414	70.475	65.738	383.381	290.797	470.478	428.689	142.132	466.147	121.441	343.894	112.375	235.041	200.349	228.971	317.549	339.429	36.793	420.084	245.260	242.784	360.947	98.019	129.371	188.269	391.241	361.141	223.321	209.961
161.625	256.706	327.632	156.554	42.570	264.427	29.183	165.346	127.983	106.535	218.758	297.540	302.845	180.357	168.045	91.998	49.902	126.188	176.448	289.883	143.519	198.140	65.523	209.797	352.734	98.203	219.607	179.793	0	181.833	114.078	200.917	50.778	215.839	165.807	68.301	155.452	204.678	246.055	136.638	123.757	196.541	178.955	298.299	67.507	68.424	194.402	136.976	374.665	392.743	161.903	128.076	298.494	229.141	312.234	330.485	41.108	397.211	115.121	221.661	69.472	86.978	123.097	115.944	227.772	249.651	192.966	261.839	148.395	71.275	202.703	82.426	127.257	41.526	329.917	250.219	45.270	49.028
71.142	233.812	277.050	95.361	136.196	201.690	174.483	163.328	223.361	132.862	132.397	244.746	312.170	149.980	38.047	125.235	156.694	87.118	184.651	385.261	49.723	70.709	119.681	88.727	302.152	193.581	227.651	100.208	182.017	0	209.457	55.684	141.783	34.168	127.729	170.599	117.373	23.008	310.602	101.524	219.135	105.911	274.334	235.561	173.983	113.567	204.385	140.056	373.298	370.842	48.688	122.829	283.810	191.226	364.759	329.118	157.483	366.575	167.298	247.843	147.332	172.175	137.483	166.105	217.978	239.857	135.885	357.218	160.472	195.111	298.081	110.014	55.517	140.596	291.669	266.973	168.919	162.288
131.480	142.938	213.864	248.160	142.850	150.659	143.912	269.721	13.342	210.910	112.234	183.772	189.077	284.732	164.538	201.847	73.735	183.391	64.086	176.115	170.737	266.786	106.193	301.403	238.966	16.568	105.839	271.399	114.479	209.050	0	264.571	155.152	243.056	96.062	190.777	85.706	231.895	132.287	228.244	9.989	118.539	65.187	184.531	183.243	109.094	80.634	241.351	260.897	278.975	209.980	244.930	184.726	115.373	198.466	216.718	156.845	283.443	219.495	107.893	173.847	49.126	71.803	43.502	114.004	135.883	288.949	148.071	76.107	43.617	88.935	172.085	154.474	84.071	216.149	136.452	73.115	71.486
126.548	288.559	331.797	44.616	160.022	256.437	177.437	107.767	278.767	107.829	187.144	299.493	366.917	94.419	93.452	106.954	212.100	91.054	240.057	440.667	90.917	15.148	175.086	39.269	356.899	248.987	282.398	44.647	201.383	55.689	264.862	0	151.860	34.286	183.134	156.233	172.778	33.173	365.349	65.257	274.541	161.316	329.739	290.308	160.417	168.973	259.132	103.790	428.045	425.589	55.151	86.562	338.557	245.973	419.506	383.865	162.956	421.322	142.264	302.590	133.199	227.580	192.889	221.510	272.725	294.604	80.324	412.623	215.877	250.517	353.487	118.843	110.922	196.001	346.416	321.720	224.324	217.693
121.418	278.939	349.865	106.995	30.924	286.660	26.834	115.439	168.756	56.628	231.102	319.773	343.618	130.450	127.838	42.091	85.921	76.629	191.955	330.655	103.312	148.581	70.812	160.238	374.967	138.975	242.345	130.234	50.780	141.625	154.851	151.358	0	155.498	178.151	36.495	167.796	138.477	286.827	87.079	164.529	156.334	219.728	320.532	34.907	64.650	218.188	87.069	415.438	433.516	112.344	78.169	315.836	251.374	353.007	371.258	16.957	437.983	65.214	262.434	19.565	122.997	137.301	131.684	250.005	271.884	143.058	302.612	163.902	116.496	243.475	32.868	87.049	77.545	346.933	290.992	93.542	91.515
105.064	267.075	310.313	78.873	170.118	234.953	181.061	142.024	257.283	124.606	165.661	278.010	345.433	128.675	71.969	116.979	190.616	78.863	218.573	419.183	83.645	49.405	153.603	59.111	335.416	227.503	260.915	78.904	215.938	34.205	243.378	34.257	155.484	0	161.650	166.258	151.295	17.281	343.865	95.796	253.057	139.833	308.256	268.825	170.443	147.489	237.648	134.329	406.561	404.106	42.961	117.101	317.073	224.490	398.022	362.381	171.184	399.839	159.042	281.106	143.224	206.097	171.405	200.027	251.242	273.121	114.581	391.140	194.394	229.033	332.003	122.467	89.439	174.518	324.933	300.236	202.841	196.210
56.721	143.992	187.485	186.010	148.918	127.408	187.205	261.766	110.378	185.561	52.649	155.181	209.249	240.893	89.779	176.265	119.090	139.817	56.621	258.327	102.512	185.396	100.186	216.225	212.587	80.598	107.397	209.249	165.915	127.660	96.473	183.181	178.272	161.666	0	207.088	10.310	150.506	189.066	184.670	94.789	35.315	147.400	161.279	210.472	106.400	83.240	218.584	270.377	288.455	139.223	201.357	180.889	101.661	261.838	226.197	181.495	269.511	211.540	127.589	183.820	77.518	43.344	53.121	115.057	136.937	226.799	230.284	35.124	107.641	171.147	146.502	110.901	124.495	211.985	144.836	136.905	122.474
150.612	314.606	385.532	111.026	66.592	322.328	38.875	111.821	204.423	53.010	260.296	355.440	379.285	126.832	157.031	45.415	121.589	86.677	227.622	366.323	123.814	152.612	106.479	164.269	410.634	174.643	278.012	134.265	67.093	170.819	190.518	155.389	37.098	165.545	207.345	0	196.990	148.524	322.495	91.109	200.197	185.528	255.395	356.199	3.509	100.317	253.855	83.451	451.105	469.183	122.391	74.551	351.504	287.041	388.674	406.926	26.358	473.651	31.722	298.101	23.695	158.664	179.210	167.351	285.672	307.551	139.440	338.279	199.570	152.163	279.143	60.814	116.243	113.212	382.600	326.660	129.209	127.182
46.441	154.680	198.172	175.730	138.639	138.095	176.926	251.486	100.098	175.281	63.337	165.869	219.937	230.613	79.500	165.985	108.810	129.538	67.309	261.998	92.232	175.116	89.906	205.945	223.275	70.318	118.085	198.970	155.635	117.380	86.193	172.902	167.992	151.386	10.386	196.808	0	140.226	199.754	174.390	95.872	34.228	151.071	171.967	200.192	96.121	93.928	208.305	281.065	299.143	128.943	191.077	191.577	112.349	284.349	236.885	171.215	280.199	201.260	138.277	173.540	67.238	33.064	42.842	125.745	147.624	216.519	233.955	43.766	97.361	174.818	136.223	100.621	114.215	222.673	155.524	126.626	112.194
93.872	255.883	299.121	72.642	158.926	223.761	164.070	140.833	246.091	107.615	154.469	266.818	334.241	127.485	60.776	99.988	179.424	61.871	207.381	407.991	72.453	48.215	142.411	72.336	324.224	216.311	249.722	77.714	204.746	23.013	232.186	33.189	138.492	17.305	150.458	149.267	140.103	0	332.673	78.805	241.865	128.641	297.064	257.632	153.451	136.297	226.456	117.338	395.369	392.913	25.969	100.110	305.881	213.297	386.830	351.189	154.192	388.647	142.051	269.914	126.233	194.904	160.213	188.835	240.049	261.929	113.391	379.947	183.202	217.841	320.811	105.476	78.246	163.326	313.740	289.044	191.648	185.017
246.192	114.182	150.449	379.822	274.512	155.818	275.574	401.383	127.866	342.572	178.367	131.553	56.858	416.394	279.250	333.509	205.397	315.053	132.591	68.424	302.399	380.125	237.855	398.144	133.301	148.230	81.682	403.061	246.141	310.276	132.237	365.100	286.814	343.585	189.043	322.439	199.781	332.424	0	359.906	123.801	224.786	68.003	178.555	314.905	240.756	116.830	373.013	117.986	136.063	341.642	376.592	52.507	138.663	90.776	73.806	288.507	140.531	351.157	82.951	305.509	180.788	203.465	175.164	92.532	70.870	420.611	40.381	160.968	175.279	43.878	303.747	286.136	215.733	83.930	44.202	204.777	203.148
128.330	316.876	387.801	20.934	95.777	324.597	113.192	80.735	242.806	43.584	233.308	357.709	382.133	75.817	102.437	42.709	160.946	45.511	229.892	404.706	82.648	62.520	123.933	74.177	412.904	213.026	280.281	44.173	137.138	101.853	228.901	65.297	87.615	96.144	185.063	91.988	174.707	79.123	360.878	0	238.580	163.245	293.779	358.468	96.172	117.819	256.124	39.545	443.261	461.339	53.060	22.317	353.773	289.310	427.057	399.081	98.711	442.396	78.020	300.473	68.954	191.620	156.928	185.550	287.942	309.821	61.722	376.663	201.839	199.363	317.526	54.598	85.950	144.848	384.869	317.720	179.900	166.540
140.523	134.648	205.574	257.203	151.893	142.369	152.954	278.764	17.476	219.952	103.944	175.482	180.787	293.774	173.581	210.890	82.778	192.434	55.796	167.825	179.780	275.828	115.236	310.446	230.676	25.611	97.549	280.442	123.522	218.093	9.617	273.614	164.195	252.099	95.073	199.820	94.749	240.938	123.997	237.286	0	127.582	56.897	176.241	192.286	118.137	72.344	250.394	252.607	270.685	219.023	253.973	176.436	107.083	190.176	208.428	165.887	275.153	228.538	99.603	182.889	58.169	80.846	52.545	105.714	127.593	297.991	139.781	67.817	52.660	80.645	181.127	163.517	93.114	207.859	128.162	82.158	80.528
34.998	177.711	221.204	164.287	150.962	161.127	189.249	240.043	130.850	163.838	70.464	188.900	242.969	219.170	68.057	154.542	139.562	118.095	90.340	292.750	80.789	163.673	120.659	194.502	246.306	101.070	141.117	187.527	196.782	105.937	116.946	161.459	156.549	139.943	33.417	185.365	32.091	128.783	222.785	162.948	126.624	0	181.823	194.998	188.749	128.333	116.959	196.862	304.096	322.174	117.500	179.634	214.608	135.380	295.557	259.916	172.249	303.231	189.818	161.308	162.097	97.991	63.817	73.594	148.777	170.656	205.076	264.707	68.843	128.113	205.570	124.780	89.178	155.362	245.704	178.555	157.378	142.947
195.708	129.011	199.936	312.388	207.078	161.567	208.140	333.949	60.432	275.138	119.475	169.844	124.420	348.960	228.767	266.075	137.963	247.619	73.920	111.458	234.965	331.014	170.422	365.631	200.864	80.797	63.955	335.627	178.708	273.278	64.803	328.799	219.381	307.284	147.001	255.005	149.934	296.124	67.630	292.472	56.367	182.768	0	195.438	247.472	173.322	72.347	305.579	196.241	214.319	274.208	309.158	120.069	126.280	133.810	152.061	221.073	218.786	283.723	43.728	238.075	113.354	136.031	107.730	100.076	99.468	353.177	83.415	119.745	107.845	24.278	236.313	218.702	148.299	151.492	71.795	137.343	135.714
218.303	55.207	67.198	330.043	289.552	34.458	327.327	398.009	194.558	358.978	120.037	47.782	151.206	384.661	251.361	349.681	257.151	313.234	128.688	217.666	264.094	305.390	249.582	323.408	105.227	199.984	132.035	334.889	297.895	235.541	183.990	290.365	320.437	268.850	161.154	356.061	171.892	257.689	178.974	358.087	175.554	190.284	195.654	0	348.527	255.796	144.157	392.001	192.029	173.917	283.369	374.773	126.294	69.171	203.795	168.154	322.129	169.650	384.957	152.227	357.237	218.215	201.646	189.590	79.097	93.819	370.566	192.424	157.066	227.033	170.118	319.919	284.317	267.487	94.744	120.935	256.531	254.901
153.757	313.128	384.054	114.171	65.113	320.849	38.011	114.501	202.945	55.690	263.441	353.962	377.807	129.512	160.177	48.095	120.111	89.822	226.144	364.845	126.959	155.757	105.001	167.414	409.156	173.165	276.534	137.410	66.229	173.965	189.040	158.534	39.082	168.691	210.491	3.457	200.135	151.670	321.016	94.255	198.719	188.673	253.917	354.721	0	98.839	252.377	86.131	449.627	467.705	125.537	77.231	350.026	285.563	387.196	405.447	25.494	472.173	42.145	296.623	26.841	157.186	171.490	165.873	284.194	306.073	142.121	336.801	198.091	150.685	277.665	63.959	119.389	111.734	381.122	325.181	118.037	125.704
93.299	214.300	285.225	137.215	33.767	222.021	72.054	178.351	122.568	111.806	159.407	255.133	279.557	193.362	99.718	92.850	43.186	85.348	127.316	284.468	75.193	171.242	6.173	190.458	310.328	92.788	177.705	160.455	68.508	113.506	108.663	169.027	64.651	147.512	106.457	100.275	96.101	136.352	240.640	117.299	118.342	128.215	173.541	255.892	92.742	0	153.548	141.254	340.685	358.763	114.436	124.026	251.197	186.734	306.819	296.505	66.343	339.819	128.126	216.246	83.345	54.265	63.746	67.045	185.365	207.245	178.004	256.425	99.263	81.603	197.288	63.088	58.930	27.088	282.293	215.144	55.411	48.780
140.493	77.359	148.284	276.207	187.756	109.915	223.773	333.386	91.003	257.181	72.447	118.192	142.616	331.090	173.551	247.885	153.596	211.438	26.892	184.956	198.784	274.205	147.785	292.224	173.387	96.430	35.329	299.446	194.341	204.356	80.436	259.180	218.640	237.665	83.344	254.265	94.082	226.504	116.998	256.291	72.000	119.087	72.039	143.786	246.731	154.000	0	290.205	203.744	221.822	222.995	272.977	114.256	74.628	207.307	159.564	220.333	202.878	283.161	42.484	255.440	116.419	99.850	87.794	48.424	70.303	316.995	156.912	55.269	123.478	89.130	218.123	182.521	163.932	145.352	72.768	152.976	151.347
162.102	350.648	421.573	59.446	117.185	358.369	113.095	41.355	255.016	38.985	271.786	391.482	415.906	52.156	140.949	60.096	172.182	79.283	263.664	416.916	116.420	101.032	147.664	112.689	446.676	225.236	314.054	82.686	137.041	140.365	241.112	103.809	87.691	134.657	218.835	83.413	208.480	117.636	373.088	39.530	250.790	197.018	305.989	392.241	86.061	141.551	289.897	0	477.033	495.111	91.573	17.249	387.545	323.083	439.268	432.853	97.906	476.168	49.540	334.246	68.149	209.257	190.700	219.322	321.714	343.593	50.765	388.873	235.611	202.757	329.736	78.330	119.723	163.805	418.642	351.492	179.802	177.776
327.535	158.579	137.690	463.248	374.797	201.418	404.040	520.428	256.332	444.223	241.436	145.047	62.664	518.131	360.593	434.926	333.863	398.479	213.933	115.956	385.825	443.195	334.827	461.213	86.820	276.696	183.644	472.694	374.607	373.345	260.703	428.170	415.281	406.654	270.386	450.905	281.124	395.494	118.404	443.332	252.267	306.129	196.469	192.049	443.371	341.041	203.978	477.246	0	18.164	410.036	460.018	90.077	201.733	63.887	44.340	416.973	22.631	470.202	184.913	433.975	309.254	286.891	274.835	155.601	133.939	504.037	114.614	242.311	303.745	172.344	405.164	369.563	344.199	83.249	146.164	333.243	331.614
345.612	132.719	119.579	481.326	392.875	183.306	422.118	538.506	274.410	462.301	240.133	126.935	80.742	536.209	378.671	453.004	351.941	416.557	232.011	134.034	403.903	440.679	352.905	458.697	68.708	294.774	201.722	470.178	392.685	370.829	278.781	425.654	433.358	404.138	288.463	468.983	299.202	392.978	136.482	461.410	270.345	310.379	214.547	173.937	461.449	359.119	222.056	495.324	18.164	0	428.114	478.096	108.155	189.267	81.965	62.418	435.051	4.519	488.280	202.991	452.053	327.332	304.969	292.913	173.679	152.017	522.115	132.692	260.389	321.823	190.422	423.242	387.641	362.277	87.788	164.242	351.321	349.692
82.542	283.422	324.970	46.968	136.981	249.610	138.101	115.200	224.146	81.646	180.318	292.667	348.679	101.851	49.446	74.019	157.479	35.903	196.051	386.046	39.292	52.022	120.466	83.583	350.073	194.366	246.827	70.208	162.047	48.863	210.241	55.283	112.524	43.154	139.128	123.298	128.773	26.133	342.218	53.131	219.920	117.311	275.119	283.482	127.483	114.352	222.670	91.663	409.807	427.885	0	74.436	320.319	239.147	408.397	365.627	128.224	408.941	116.082	267.019	100.264	172.960	138.268	166.890	254.487	276.367	87.757	358.003	171.872	195.896	298.866	79.507	56.302	141.381	351.415	284.266	169.704	163.073
144.874	333.420	404.346	42.219	102.281	341.142	104.317	58.440	259.351	21.757	254.558	374.254	398.678	69.240	123.722	34.906	163.405	62.055	246.436	421.251	99.192	83.805	130.437	95.462	429.448	229.571	296.826	65.458	128.263	123.138	245.446	86.582	78.914	117.429	201.607	74.636	191.252	100.408	377.422	22.302	255.125	179.790	310.323	375.013	77.283	124.323	272.669	17.249	459.806	477.884	74.345	0	370.318	305.855	443.602	415.626	89.129	458.940	56.193	317.018	59.371	208.164	173.473	202.094	304.486	326.365	67.849	393.207	218.384	205.867	334.071	61.102	102.495	151.352	401.414	334.265	171.025	168.998
238.187	69.232	98.151	373.900	285.450	122.613	327.979	431.080	180.271	354.875	152.088	79.255	28.895	428.783	271.245	345.579	257.802	309.131	124.586	91.563	296.477	353.847	245.479	371.865	81.003	200.636	94.296	383.346	298.547	283.998	184.642	338.822	316.334	317.307	181.038	351.958	191.776	306.146	52.872	353.984	176.206	216.781	120.408	126.257	344.425	251.694	114.630	387.898	90.023	108.101	320.689	370.671	0	112.385	81.484	45.843	318.026	89.157	380.854	95.565	353.134	214.113	197.544	185.487	66.253	44.592	414.689	66.321	152.963	227.684	96.283	315.816	280.215	268.138	31.631	56.816	257.182	255.553
158.856	49.864	95.364	285.789	220.381	35.287	258.156	366.011	125.387	289.807	60.591	63.060	141.064	340.407	191.914	280.510	187.980	244.063	59.517	203.965	204.647	261.137	180.411	279.155	120.466	130.813	62.864	290.636	228.724	191.287	114.819	246.111	251.266	224.596	101.707	286.890	112.445	213.435	139.496	288.916	106.383	130.837	126.483	69.158	279.356	186.625	74.986	322.830	202.192	189.156	239.116	305.602	112.704	0	193.653	158.012	252.958	184.889	315.786	83.056	288.066	149.044	132.475	120.419	46.872	68.752	326.313	179.410	87.895	157.862	128.257	250.748	215.146	198.316	109.983	95.867	187.360	185.730
329.457	150.235	175.802	446.136	340.826	203.616	341.888	467.697	194.180	408.886	233.091	156.906	54.319	482.708	362.515	399.823	271.711	381.367	205.589	47.505	368.713	434.850	304.170	452.868	150.548	214.545	172.325	469.376	312.456	365.001	198.551	419.825	353.129	398.310	262.041	388.753	283.682	387.149	90.710	426.220	190.115	297.784	134.317	203.908	381.220	307.070	207.473	439.327	63.814	81.892	407.956	442.906	81.732	193.388	0	35.996	354.821	86.360	417.472	152.042	371.823	247.103	269.780	241.478	147.256	125.595	486.925	52.463	233.966	241.593	110.192	370.061	352.451	282.047	109.282	134.845	271.091	269.462
283.377	114.421	139.989	419.090	330.639	167.803	359.882	476.270	212.174	400.065	197.278	121.093	18.506	473.973	316.435	390.768	289.705	354.321	169.776	71.798	341.667	399.037	290.669	417.055	102.344	232.538	139.486	428.536	330.450	329.187	216.545	384.012	371.123	362.496	226.228	406.747	236.966	351.336	74.246	399.174	208.109	261.971	152.311	168.094	399.213	296.883	159.820	433.088	44.362	62.440	365.878	415.860	45.919	157.575	35.823	0	372.815	66.908	426.044	140.755	389.817	265.096	242.734	230.677	111.443	89.782	459.879	70.456	198.153	259.587	128.186	361.006	325.405	300.041	73.469	102.006	289.085	287.456
137.454	280.850	351.775	117.680	32.835	288.571	12.809	126.223	170.666	67.412	234.873	321.684	345.529	141.234	143.874	52.875	87.832	92.666	193.866	332.566	119.349	159.266	72.723	170.923	376.878	140.886	244.256	140.919	41.027	157.662	156.762	162.043	17.256	171.534	181.923	27.279	171.567	154.513	288.738	97.763	166.440	172.370	221.639	322.443	26.485	66.561	220.099	97.853	417.349	435.427	128.380	88.953	317.747	253.285	354.918	373.169	0	439.894	68.544	264.345	30.349	124.908	139.212	133.595	251.916	273.795	153.843	304.523	165.813	118.407	245.386	48.904	103.086	79.456	348.844	292.903	92.835	93.426
326.699	128.452	115.312	462.412	373.962	179.039	426.585	519.592	278.877	443.387	235.866	122.668	85.209	515.683	359.757	434.091	356.408	397.643	213.098	138.501	384.989	436.412	333.991	454.430	64.441	299.242	182.808	465.911	397.153	366.563	283.248	421.387	437.826	399.872	269.550	473.450	280.288	388.711	140.949	442.496	274.812	306.112	219.014	169.670	465.917	340.206	203.142	476.410	22.631	4.519	414.391	459.183	89.241	185.000	86.432	66.886	439.518	0	469.366	184.077	456.520	331.800	286.056	273.999	154.765	133.104	501.588	137.160	241.475	326.290	194.889	404.328	368.727	366.744	83.521	145.328	355.788	354.159
154.697	343.244	414.169	97.378	94.993	350.965	90.903	77.673	232.825	34.108	264.381	384.077	408.501	92.684	152.825	37.904	149.991	79.846	256.259	394.725	116.983	138.964	134.234	150.621	439.272	203.045	306.649	120.617	114.849	166.612	218.920	141.741	65.500	158.715	211.430	31.926	201.075	141.694	350.896	77.462	228.598	189.613	283.797	384.836	42.183	128.120	282.492	49.303	469.629	487.707	115.561	55.649	380.141	315.678	417.076	425.449	67.591	468.763	0	326.841	45.957	187.066	183.296	211.917	314.309	336.188	105.293	366.681	228.207	180.565	307.544	64.899	120.286	141.614	411.237	344.088	157.611	155.584
184.949	85.496	156.422	320.663	250.038	118.052	251.099	377.842	103.391	301.638	115.979	126.330	124.028	375.546	218.008	292.341	180.922	255.894	71.348	129.516	243.240	317.738	213.381	335.756	181.524	123.756	20.440	343.902	221.667	247.889	107.762	302.713	262.340	281.198	127.800	297.964	138.538	270.037	83.164	300.747	99.326	163.544	43.640	151.923	290.431	216.281	42.448	334.661	185.156	203.234	267.451	317.433	95.668	82.766	151.867	140.976	264.032	184.290	327.617	0	281.034	156.314	144.306	132.250	56.562	66.606	361.452	101.473	99.726	150.804	48.807	262.579	226.977	191.258	126.764	38.934	180.302	178.673
127.132	315.679	386.604	87.932	49.857	323.400	45.766	96.476	187.688	37.664	236.816	356.512	380.936	111.486	133.552	23.128	104.854	63.583	228.695	349.588	100.720	129.518	89.744	141.175	411.707	157.908	279.084	111.171	69.712	147.340	173.783	132.295	20.363	142.452	183.866	23.854	173.510	125.431	305.760	68.016	183.462	162.048	238.660	357.271	27.238	83.582	254.927	68.106	434.370	452.448	99.298	59.206	352.576	288.113	371.939	390.191	30.578	456.916	46.250	281.366	0	141.929	155.731	150.616	286.744	308.624	124.095	321.544	200.642	135.429	262.408	37.334	92.764	96.477	383.672	316.523	112.474	110.447
100.102	176.454	247.379	211.293	88.063	184.175	111.748	237.558	62.722	166.015	130.597	217.287	241.711	252.568	133.160	147.059	41.572	146.524	89.470	224.622	133.870	229.919	48.092	264.536	272.482	32.942	139.859	234.532	87.247	172.183	48.817	227.704	122.989	206.189	77.647	158.614	67.291	195.029	180.794	191.377	58.496	100.125	113.694	218.046	151.080	54.307	115.702	209.188	309.404	327.482	173.113	208.063	213.351	148.888	246.973	265.225	124.681	301.973	187.332	156.400	141.683	0	34.936	28.967	147.520	169.399	252.082	196.578	61.417	32.208	137.442	117.297	117.607	51.908	244.447	177.298	59.387	44.956
65.380	160.162	231.087	176.571	106.306	167.883	144.593	233.750	86.092	157.546	96.393	200.996	225.420	231.454	98.438	148.249	76.478	111.802	73.178	247.992	99.148	195.197	57.574	229.814	256.190	56.312	123.568	199.810	123.303	137.461	72.188	192.982	137.191	171.467	43.442	179.072	33.087	160.307	204.164	156.655	81.866	65.920	137.065	201.755	165.281	63.788	99.411	190.569	286.547	304.625	138.391	173.341	197.059	132.597	270.344	242.368	138.883	285.682	183.525	143.760	155.804	34.906	0	28.836	131.228	153.107	217.360	219.949	45.125	67.114	160.812	118.487	82.885	81.882	228.156	161.006	94.293	79.862
88.610	148.119	219.044	205.290	101.548	155.840	140.374	262.469	57.256	186.264	106.142	188.952	213.376	260.173	121.668	176.968	70.197	140.521	61.135	219.156	127.867	223.915	61.578	258.533	244.147	27.476	111.524	228.529	115.872	166.180	43.352	221.701	132.432	200.186	53.191	168.057	42.836	189.025	175.328	185.373	53.030	75.669	108.229	189.711	160.523	67.792	87.367	219.287	274.504	292.582	167.110	202.060	185.016	120.553	241.508	230.324	134.125	273.638	212.243	131.716	151.127	28.625	28.933	0	119.184	141.064	246.078	191.113	33.082	54.519	131.976	147.206	111.604	80.533	216.112	148.963	88.013	73.581
172.201	29.202	100.128	307.915	219.464	70.839	257.239	365.094	124.470	288.890	86.103	70.036	94.460	362.798	205.260	279.593	187.063	243.146	58.600	157.361	230.492	287.862	179.494	305.880	125.230	129.896	36.523	317.361	227.807	218.012	113.902	272.836	250.348	251.321	115.052	285.973	125.790	240.161	92.891	287.999	105.466	150.795	100.142	79.150	278.439	185.708	48.645	321.913	155.588	173.665	254.703	304.685	66.100	46.400	147.049	111.408	252.041	154.722	314.869	56.715	287.148	148.127	131.558	119.502	0	22.147	348.704	132.806	86.978	156.944	98.446	249.831	214.229	197.399	97.196	49.263	186.443	184.813
194.089	43.806	114.732	329.803	241.352	85.443	279.127	386.982	146.358	310.778	107.991	84.640	72.807	384.686	227.148	301.481	208.951	265.034	80.488	135.708	252.380	309.750	201.382	327.768	124.914	151.784	58.411	339.249	249.695	239.900	135.790	294.724	272.237	273.209	136.940	307.861	147.678	262.049	71.239	309.887	127.354	172.683	99.637	93.754	300.327	207.596	70.533	343.801	133.935	152.013	276.591	326.573	44.447	68.288	125.396	89.755	273.929	133.069	336.757	66.359	309.036	170.015	153.446	141.390	22.156	0	370.592	111.153	108.866	178.832	76.793	271.719	236.117	219.287	75.543	27.610	208.331	206.701
170.110	377.460	411.919	41.068	156.361	336.559	169.177	27.688	303.390	89.585	267.267	379.616	442.717	14.340	137.015	103.293	228.264	106.094	290.476	465.290	126.930	60.845	184.517	60.612	437.022	273.610	340.865	36.785	193.123	135.812	289.485	80.245	143.774	114.531	226.696	139.496	216.341	113.295	421.462	61.595	299.164	204.879	354.363	370.431	142.143	178.403	316.708	50.765	503.845	521.923	87.638	67.849	414.357	326.096	487.641	459.665	153.988	501.445	105.622	361.057	124.231	252.203	217.512	246.134	348.525	370.404	0	437.246	262.423	259.947	378.110	115.182	146.534	205.432	445.453	378.304	235.885	233.858
279.172	135.813	164.947	395.852	290.542	189.194	291.604	417.413	143.896	358.602	218.725	146.050	60.115	432.424	312.231	349.539	221.427	331.083	172.949	30.209	318.429	414.478	253.886	449.095	147.798	164.260	122.041	419.091	262.172	356.742	148.267	412.263	302.845	390.748	230.464	338.469	233.398	379.588	40.426	375.936	139.831	266.232	84.033	193.052	330.935	256.786	157.189	389.043	114.992	133.070	357.672	392.622	67.004	179.022	52.560	70.812	304.537	137.537	367.187	101.758	321.539	196.818	219.495	191.194	132.890	111.228	436.641	0	203.209	191.309	59.908	319.777	302.166	231.763	98.427	84.561	220.807	219.178
89.540	115.559	186.485	221.460	133.009	123.280	173.420	278.639	86.515	202.434	77.016	156.393	180.817	276.343	122.599	193.138	103.244	156.691	28.575	231.049	144.037	218.215	93.038	249.044	211.587	60.523	78.965	244.699	148.919	160.479	75.947	216.001	163.893	194.485	35.101	199.518	43.766	183.325	160.633	201.543	67.511	70.844	120.122	157.152	191.984	99.253	54.808	235.458	241.944	260.022	172.042	218.230	152.457	87.994	233.406	197.765	165.585	241.079	228.413	99.157	200.693	61.672	45.103	33.047	86.625	108.504	262.248	203.006	0	87.566	143.869	163.376	127.774	113.580	183.553	116.404	121.059	106.628
132.538	186.163	257.088	219.071	108.463	193.884	105.429	231.239	57.440	172.427	155.459	226.997	232.302	246.250	181.574	157.891	33.750	167.204	107.311	219.340	157.049	253.097	79.052	272.314	282.191	27.660	149.064	242.310	70.993	195.362	43.535	250.883	116.670	229.368	107.646	152.295	97.290	218.207	175.511	199.155	53.213	130.124	108.412	227.755	144.761	81.953	123.859	202.869	304.122	322.200	196.292	205.882	227.951	158.598	241.691	259.942	118.362	326.667	181.013	151.118	135.365	32.436	67.373	55.086	157.229	179.108	259.860	191.296	87.536	0	132.159	144.943	140.786	56.930	259.373	179.676	29.629	27.999
219.597	120.269	194.879	336.277	230.967	163.253	232.028	357.838	84.320	299.026	143.709	161.102	101.287	372.848	252.655	289.964	161.852	271.508	98.155	88.325	258.854	354.902	194.310	389.520	177.730	104.685	65.641	359.516	202.596	297.167	88.691	352.688	243.269	331.173	170.889	278.894	173.823	320.012	44.497	316.360	80.256	206.656	24.457	170.216	271.360	197.211	89.094	329.468	173.107	191.185	298.097	333.047	96.936	127.966	110.676	128.928	244.961	195.653	307.612	48.807	261.963	137.243	159.920	131.619	98.618	76.957	377.065	60.282	143.634	131.734	0	260.201	242.591	172.188	128.359	49.284	161.232	159.602
89.798	278.345	349.270	74.128	41.179	286.066	58.594	115.264	185.730	48.718	199.482	319.178	343.602	130.275	96.218	29.762	106.348	43.762	191.361	347.630	71.692	115.714	69.335	127.371	374.373	155.950	241.750	97.367	82.540	110.006	171.825	118.491	33.017	122.631	146.532	60.586	136.176	105.609	303.802	54.212	181.504	124.714	236.703	319.937	63.970	63.221	217.593	78.166	404.730	422.808	79.476	60.939	315.242	250.779	369.981	360.550	48.717	403.864	65.038	261.942	37.318	117.427	118.397	147.018	249.410	271.289	114.917	319.587	163.308	144.765	260.450	0	55.430	90.250	346.338	279.189	125.302	111.942
53.373	241.920	312.845	104.398	80.685	249.641	118.972	159.586	167.850	85.373	163.057	282.753	307.177	159.281	42.522	77.746	101.183	39.629	154.936	329.750	17.997	114.046	64.170	144.875	337.948	138.070	205.325	127.637	126.505	56.310	153.945	111.831	86.272	90.316	110.107	115.088	99.751	79.155	285.922	84.482	163.624	88.289	218.823	283.512	118.472	58.056	181.168	118.396	368.305	386.383	57.240	101.168	278.817	214.354	352.101	324.125	101.972	367.439	119.809	225.517	91.820	116.663	81.972	110.594	212.985	234.864	145.187	301.706	126.883	139.600	242.570	54.502	0	85.085	309.913	242.764	113.407	106.776
120.387	226.366	297.292	164.304	60.942	234.088	66.122	191.932	97.643	133.120	177.520	267.200	272.505	206.942	126.807	119.939	16.298	112.437	141.354	259.543	102.282	198.330	24.285	217.547	322.394	67.863	189.267	187.543	41.621	140.595	83.738	196.116	77.363	174.601	124.569	112.987	114.214	163.440	215.715	144.388	93.417	155.303	148.616	267.959	105.454	27.186	164.063	163.562	344.326	362.403	141.525	151.115	268.154	198.801	281.894	300.146	79.055	366.871	141.706	191.322	96.057	51.884	81.859	80.851	197.432	219.311	205.093	231.500	113.301	56.678	172.363	90.176	86.019	0	299.577	219.880	28.523	21.892
269.144	61.030	66.657	404.858	316.407	104.131	359.474	462.038	211.766	385.833	160.958	47.760	56.599	459.741	302.203	376.536	289.298	340.089	155.543	123.058	327.435	361.504	276.437	379.522	65.395	232.131	125.254	391.003	330.042	291.655	216.137	346.479	347.292	324.964	211.995	382.916	222.734	313.803	84.367	384.942	207.701	231.204	151.903	94.762	375.383	282.651	145.588	418.856	83.254	87.788	351.646	401.628	31.687	110.092	109.187	73.546	348.984	83.521	411.812	126.523	384.092	245.071	228.501	216.445	97.211	75.549	445.647	97.817	183.921	259.180	127.779	346.774	311.173	299.634	0	87.774	288.678	287.048
202.103	71.098	142.023	337.816	249.366	112.734	279.712	394.996	132.004	318.791	135.283	111.931	85.207	392.699	235.161	309.494	209.535	273.047	88.502	112.301	260.393	337.041	209.395	355.059	137.315	152.369	37.594	361.056	250.280	267.192	136.375	322.016	290.953	300.501	144.954	326.577	155.692	289.340	44.343	317.900	127.939	180.697	72.141	121.045	319.044	215.610	72.742	351.814	146.335	164.413	284.605	334.587	56.847	95.579	134.652	102.155	292.645	145.469	344.770	38.862	309.647	178.029	161.460	149.403	49.448	27.786	378.605	84.258	116.879	179.417	49.297	279.732	244.131	219.871	87.943	0	208.915	207.286
DEMAND_SECTION 
0	0
1	797
2	647
3	2371
4	1107
5	543
6	1790
7	573
8	446
9	687
10	2227
11	0
12	990
13	765
14	641
15	4446
16	4506
17	2744
18	0
19	1786
20	846
21	307
22	2245
23	440
24	1649
25	1292
26	801
27	0
28	3319
29	1510
30	835
31	546
32	992
33	749
34	1180
35	2189
36	854
37	1820
38	1518
39	871
40	0
41	0
42	0
43	1008
44	2610
45	1030
46	924
47	2025
48	1260
49	416
50	1231
51	1118
52	0
53	1479
54	1431
55	1574
56	1446
57	520
58	719
59	1202
60	821
61	855
62	2271
63	0
64	582
65	0
66	835
67	0
68	873
69	3760
70	0
71	1257
72	0
73	0
74	576
75	899
76	4506
77 	2695 
DEPOT_SECTION
149.114	216.086	287.011	197.692	83.709	223.807	79.062	206.485	87.363	147.673	185.382	256.920	262.225	221.496	155.533	133.137	13.303	141.163	137.234	249.263	131.008	227.057	53.011	250.936	312.114	57.583	178.987	220.932	43.789	169.321	73.458	224.842	91.916	203.327	138.450	127.541	128.095	192.166	205.434	177.776	83.136	160.928	138.335	257.679	117.385	55.912	153.782	178.115	334.045	352.123	170.251	169.215	257.874	188.521	271.614	289.865	90.987	356.591	156.259	181.041	110.611	60.804	95.740	89.770	187.152	209.031	234.104	221.219	122.221	30.655	162.083	123.565	114.745	29.014	289.296	209.599	0	12.177
142.012	214.483	285.408	185.929	83.315	222.204	80.282	206.091	85.760	147.280	183.779	255.317	260.622	221.102	148.432	132.743	6.201	134.062	134.352	247.660	123.906	219.955	45.910	239.172	310.511	55.980	177.384	209.168	48.237	162.220	71.855	217.741	91.523	196.226	122.529	127.147	112.173	185.065	203.831	166.013	81.533	145.007	136.732	256.075	119.614	48.811	152.179	177.721	332.442	350.520	163.149	168.821	256.271	186.918	270.011	288.262	93.215	354.987	155.866	179.438	110.217	44.882	79.818	73.849	185.549	207.428	233.711	219.616	106.299	29.052	160.480	111.801	107.644	21.912	287.048	207.286	12.177	0
DEPOT_VEHICLES_SECTION
4
4
EOF